%YAML:1.0

#--------------------------------------------------------------------------------------------
# Camera Parameters. Adjust them!
#--------------------------------------------------------------------------------------------

# Camera calibration and distortion parameters (OpenCV) 
Camera.fx: 1738.290240007892  # 957.994 
Camera.fy: 1723.368300855836  #  955.3280
Camera.cx: 786.9893767591706   # 790.335
Camera.cy: 322.1041435965373  #   250.6631

Camera.k1: -0.07494456464230151
Camera.k2: -0.04709393561028884
Camera.p1: -0.001291492622912956
Camera.p2: 0.000236198926759641
Camera.k3: 0
#1520 568
Camera.width: 1520
Camera.height: 568
# Deptmap values factor
DepthMapFactor: 504
Camera.bf: 40.0

Rect.x: 40
Rect.y: 40
Rect.width: 1300
Rect.height: 500

